12
12
804.09547 
918.38344 
993.93057 
3021.30164 
2317.63224 
1398.98650 
1074.55922 
6226.35641 
2163.87343 
6797.31577 
5102.89165 
391.86088 
1853.99213 
2221.46254 
1586.55694 
1656.57939 
5734.20549 
5022.23859 
4266.49792 
582.82972 
5.27188 
6693.64918 
160.71531 
304.64015 
2239.25238 
3408.21582 
370.57224 
5223.18996 
3544.42341 
3868.56991 
8068.89701 
9654.19756 
9731.56217 
847.86457 
522.87080 
2225.60350 
3590.02339 
4986.10987 
1963.65065 
3606.92861 
6397.41606 
6730.59201 
8332.55696 
2403.00617 
207.77271 
1268.55292 
505.31491 
3816.20417 
1263.00881 
5212.14363 
2673.89269 
7556.60295 
3211.63787 
8312.90494 
6312.06872 
459.52656 
1506.13783 
1574.98380 
2998.75404 
3030.84339 
4009.39045 
6084.87077 
3857.15492 
6528.53223 
1221.71438 
8551.21078 
648.47827 
247.38748 
39.02496 
2807.93753 
4632.14839 
722.33650 
1473.99851 
5834.65158 
8455.89331 
7835.56753 
39.25773 
469.20374 
120.02446 
796.60123 
3634.49668 
4026.04631 
3927.57811 
256.90110 
2463.70523 
6058.97279 
5604.47336 
2745.96961 
967.48610 
406.09195 
2666.06733 
2027.30222 
2091.50707 
5114.34372 
691.34366 
1172.26091 
8109.14869 
3180.87830 
10353.67864 
130.75707 
1866.00114 
2149.48557 
3966.16805 
2035.68384 
5023.40697 
548.57276 
5071.10007 
3568.02971 
264.21176 
1146.50159 
410.31321 
479.05860 
2928.99576 
3229.62178 
1834.42927 
1109.80230 
5957.51889 
7894.12570 
5896.03621 
8770.91800 
10988.17330 
